{
 "cells": [
  {
   "cell_type": "code",
   "execution_count": 1,
   "id": "0a0ae26d",
   "metadata": {
    "scrolled": false
   },
   "outputs": [],
   "source": [
    "#!pip install yfinance"
   ]
  },
  {
   "cell_type": "code",
   "execution_count": 2,
   "id": "224cc961",
   "metadata": {},
   "outputs": [],
   "source": [
    "#!pip install plotly"
   ]
  },
  {
   "cell_type": "code",
   "execution_count": 1,
   "id": "6a32b0ce",
   "metadata": {},
   "outputs": [
    {
     "name": "stderr",
     "output_type": "stream",
     "text": [
      "2024-11-14 20:58:58.801578: I tensorflow/core/platform/cpu_feature_guard.cc:182] This TensorFlow binary is optimized to use available CPU instructions in performance-critical operations.\n",
      "To enable the following instructions: AVX2 FMA, in other operations, rebuild TensorFlow with the appropriate compiler flags.\n"
     ]
    }
   ],
   "source": [
    "import warnings\n",
    "warnings.filterwarnings('ignore')\n",
    "\n",
    "import math\n",
    "import polars as pl\n",
    "import sklearn as sklearn\n",
    "import scipy as scipy\n",
    "import pandas as pd\n",
    "import matplotlib\n",
    "import matplotlib.pyplot as plt\n",
    "import sys\n",
    "import tensorflow.keras as keras\n",
    "import tensorflow as tf\n",
    "import cv2 as opencv\n",
    "import numpy as np\n",
    "import yfinance\n",
    "\n",
    "from tensorflow.keras.models import Model\n",
    "from tensorflow.keras.layers import Input, Conv1D, BatchNormalization, ReLU, Add, Dense, Flatten, Dropout\n",
    "from tensorflow.keras.optimizers import Adam\n",
    "from sklearn.preprocessing import MinMaxScaler\n",
    "from sklearn.model_selection import train_test_split\n",
    "\n",
    "import plotly\n",
    "from plotly.graph_objs import *\n",
    "import plotly.tools as tls\n",
    "from plotly.offline import download_plotlyjs, init_notebook_mode, plot, iplot\n",
    "import plotly.express as px\n",
    "import plotly.offline as py\n",
    "import plotly.graph_objs as go\n",
    "from sklearn.metrics import mean_squared_error, explained_variance_score\n",
    "from keras.callbacks import EarlyStopping, ModelCheckpoint, ReduceLROnPlateau"
   ]
  },
  {
   "cell_type": "code",
   "execution_count": 2,
   "id": "e70e5b21",
   "metadata": {},
   "outputs": [
    {
     "name": "stdout",
     "output_type": "stream",
     "text": [
      "GPU is available\n"
     ]
    },
    {
     "name": "stderr",
     "output_type": "stream",
     "text": [
      "2024-11-14 20:59:01.002687: I tensorflow/compiler/xla/stream_executor/cuda/cuda_gpu_executor.cc:981] could not open file to read NUMA node: /sys/bus/pci/devices/0000:01:00.0/numa_node\n",
      "Your kernel may have been built without NUMA support.\n",
      "2024-11-14 20:59:01.025192: I tensorflow/compiler/xla/stream_executor/cuda/cuda_gpu_executor.cc:981] could not open file to read NUMA node: /sys/bus/pci/devices/0000:01:00.0/numa_node\n",
      "Your kernel may have been built without NUMA support.\n",
      "2024-11-14 20:59:01.025313: I tensorflow/compiler/xla/stream_executor/cuda/cuda_gpu_executor.cc:981] could not open file to read NUMA node: /sys/bus/pci/devices/0000:01:00.0/numa_node\n",
      "Your kernel may have been built without NUMA support.\n"
     ]
    }
   ],
   "source": [
    "gpu = len(tf.config.list_physical_devices('GPU'))>0\n",
    "print(\"GPU is\", \"available\" if gpu else \"NOT AVAILABLE\")"
   ]
  },
  {
   "cell_type": "code",
   "execution_count": 3,
   "id": "ff1f4a88",
   "metadata": {},
   "outputs": [],
   "source": [
    "def get_yf_hist(symbol_list,startDate,endDate,interval):\n",
    "  import matplotlib.pyplot as plt\n",
    "  import datetime\n",
    "  import yfinance as yf\n",
    "\n",
    "  # Get historical pricing data\n",
    "  data = yf.download(symbol_list, startDate, endDate, interval)\n",
    "\n",
    "  return data\n",
    "\n",
    "\n",
    "def get_intraday(symbol_list,period,interval):\n",
    "  intraday_list = []\n",
    "  intraday_df = pd.DataFrame()\n",
    "  for sym in symbol_list:\n",
    "    intraday = yf.download(tickers=sym,\n",
    "                           period=period,\n",
    "                           interval=interval)\n",
    "    intraday['symbol'] = sym\n",
    "    intraday_df = pd.concat([intraday_df,intraday])\n",
    "\n",
    "  return intraday_df\n",
    "\n",
    "def rolling_zscore(data,return_period,window_length):\n",
    "  log_returns = (np.log(data / data.shift(return_period)))\n",
    "  zscore = (log_returns - log_returns.rolling(window_length).mean() / log_returns.rolling(window_length).std())\n",
    "  #results_dict = dict({'log_returns':log_returns})\n",
    "  results_df = pd.DataFrame(zscore)\n",
    "\n",
    "  return results_df\n",
    "\n",
    "\n",
    "  # convert series to supervised learning\n",
    "def series_to_supervised(data, n_in=1, n_out=1, dropnan=True):\n",
    "    n_vars = 1 if type(data) is list else data.shape[1]\n",
    "    df = pd.DataFrame(data)\n",
    "    cols, names = list(), list()\n",
    "    # input sequence (t-n, ... t-1)\n",
    "    for i in range(n_in, 0, -1):\n",
    "        cols.append(df.shift(i))\n",
    "        names += [('var%d(t-%d)' % (j+1, i)) for j in range(n_vars)]\n",
    "    # forecast sequence (t, t+1, ... t+n)\n",
    "    for i in range(0, n_out):\n",
    "        cols.append(df.shift(-i))\n",
    "        if i == 0:\n",
    "            names += [('var%d(t)' % (j+1)) for j in range(n_vars)]\n",
    "        else:\n",
    "            names += [('var%d(t+%d)' % (j+1, i)) for j in range(n_vars)]\n",
    "    # put it all together\n",
    "    agg = pd.concat(cols, axis=1)\n",
    "    agg.columns = names\n",
    "    # drop rows with NaN values\n",
    "    if dropnan:\n",
    "        agg.dropna(inplace=True)\n",
    "    return agg\n",
    "\n",
    "def rmse(y_true,y_pred):\n",
    "    \n",
    "    # Ensure both lists have the same length\n",
    "    if len(y_true) != len(y_pred):\n",
    "        raise ValueError(\"The length of actual and predicted values must be the same\")\n",
    "    \n",
    "    # Calculate the squared differences\n",
    "    squared_diff = [(yt-yp) ** 2 for yt, yp in zip(y_true,y_pred)]\n",
    "    \n",
    "    # Calculate mean of the squared differences\n",
    "    mean_squared_diff = sum(squared_diff) / len(y_true)\n",
    "    \n",
    "    # Return the square root of the mean squared difference\n",
    "    rmse = math.sqrt(mean_squared_diff)\n",
    "    \n",
    "    return rmse"
   ]
  },
  {
   "cell_type": "code",
   "execution_count": 46,
   "id": "21a71815",
   "metadata": {},
   "outputs": [
    {
     "name": "stderr",
     "output_type": "stream",
     "text": [
      "[*********************100%***********************]  32 of 32 completed\n"
     ]
    },
    {
     "data": {
      "text/html": [
       "<div>\n",
       "<style scoped>\n",
       "    .dataframe tbody tr th:only-of-type {\n",
       "        vertical-align: middle;\n",
       "    }\n",
       "\n",
       "    .dataframe tbody tr th {\n",
       "        vertical-align: top;\n",
       "    }\n",
       "\n",
       "    .dataframe thead th {\n",
       "        text-align: right;\n",
       "    }\n",
       "</style>\n",
       "<table border=\"1\" class=\"dataframe\">\n",
       "  <thead>\n",
       "    <tr style=\"text-align: right;\">\n",
       "      <th>Ticker</th>\n",
       "      <th>^DJI</th>\n",
       "      <th>AAPL</th>\n",
       "      <th>AMGN</th>\n",
       "      <th>AMZN</th>\n",
       "      <th>AXP</th>\n",
       "      <th>BA</th>\n",
       "      <th>CAT</th>\n",
       "      <th>CRM</th>\n",
       "      <th>CSCO</th>\n",
       "      <th>CVX</th>\n",
       "      <th>...</th>\n",
       "      <th>NKE</th>\n",
       "      <th>NVDA</th>\n",
       "      <th>PG</th>\n",
       "      <th>SHW</th>\n",
       "      <th>TRV</th>\n",
       "      <th>UNH</th>\n",
       "      <th>V</th>\n",
       "      <th>VZ</th>\n",
       "      <th>WMT</th>\n",
       "      <th>^GSPC</th>\n",
       "    </tr>\n",
       "    <tr>\n",
       "      <th>Date</th>\n",
       "      <th></th>\n",
       "      <th></th>\n",
       "      <th></th>\n",
       "      <th></th>\n",
       "      <th></th>\n",
       "      <th></th>\n",
       "      <th></th>\n",
       "      <th></th>\n",
       "      <th></th>\n",
       "      <th></th>\n",
       "      <th></th>\n",
       "      <th></th>\n",
       "      <th></th>\n",
       "      <th></th>\n",
       "      <th></th>\n",
       "      <th></th>\n",
       "      <th></th>\n",
       "      <th></th>\n",
       "      <th></th>\n",
       "      <th></th>\n",
       "      <th></th>\n",
       "    </tr>\n",
       "  </thead>\n",
       "  <tbody>\n",
       "    <tr>\n",
       "      <th>1927-12-30 00:00:00+00:00</th>\n",
       "      <td>NaN</td>\n",
       "      <td>NaN</td>\n",
       "      <td>NaN</td>\n",
       "      <td>NaN</td>\n",
       "      <td>NaN</td>\n",
       "      <td>NaN</td>\n",
       "      <td>NaN</td>\n",
       "      <td>NaN</td>\n",
       "      <td>NaN</td>\n",
       "      <td>NaN</td>\n",
       "      <td>...</td>\n",
       "      <td>NaN</td>\n",
       "      <td>NaN</td>\n",
       "      <td>NaN</td>\n",
       "      <td>NaN</td>\n",
       "      <td>NaN</td>\n",
       "      <td>NaN</td>\n",
       "      <td>NaN</td>\n",
       "      <td>NaN</td>\n",
       "      <td>NaN</td>\n",
       "      <td>17.660000</td>\n",
       "    </tr>\n",
       "    <tr>\n",
       "      <th>1928-01-03 00:00:00+00:00</th>\n",
       "      <td>NaN</td>\n",
       "      <td>NaN</td>\n",
       "      <td>NaN</td>\n",
       "      <td>NaN</td>\n",
       "      <td>NaN</td>\n",
       "      <td>NaN</td>\n",
       "      <td>NaN</td>\n",
       "      <td>NaN</td>\n",
       "      <td>NaN</td>\n",
       "      <td>NaN</td>\n",
       "      <td>...</td>\n",
       "      <td>NaN</td>\n",
       "      <td>NaN</td>\n",
       "      <td>NaN</td>\n",
       "      <td>NaN</td>\n",
       "      <td>NaN</td>\n",
       "      <td>NaN</td>\n",
       "      <td>NaN</td>\n",
       "      <td>NaN</td>\n",
       "      <td>NaN</td>\n",
       "      <td>17.760000</td>\n",
       "    </tr>\n",
       "    <tr>\n",
       "      <th>1928-01-04 00:00:00+00:00</th>\n",
       "      <td>NaN</td>\n",
       "      <td>NaN</td>\n",
       "      <td>NaN</td>\n",
       "      <td>NaN</td>\n",
       "      <td>NaN</td>\n",
       "      <td>NaN</td>\n",
       "      <td>NaN</td>\n",
       "      <td>NaN</td>\n",
       "      <td>NaN</td>\n",
       "      <td>NaN</td>\n",
       "      <td>...</td>\n",
       "      <td>NaN</td>\n",
       "      <td>NaN</td>\n",
       "      <td>NaN</td>\n",
       "      <td>NaN</td>\n",
       "      <td>NaN</td>\n",
       "      <td>NaN</td>\n",
       "      <td>NaN</td>\n",
       "      <td>NaN</td>\n",
       "      <td>NaN</td>\n",
       "      <td>17.719999</td>\n",
       "    </tr>\n",
       "    <tr>\n",
       "      <th>1928-01-05 00:00:00+00:00</th>\n",
       "      <td>NaN</td>\n",
       "      <td>NaN</td>\n",
       "      <td>NaN</td>\n",
       "      <td>NaN</td>\n",
       "      <td>NaN</td>\n",
       "      <td>NaN</td>\n",
       "      <td>NaN</td>\n",
       "      <td>NaN</td>\n",
       "      <td>NaN</td>\n",
       "      <td>NaN</td>\n",
       "      <td>...</td>\n",
       "      <td>NaN</td>\n",
       "      <td>NaN</td>\n",
       "      <td>NaN</td>\n",
       "      <td>NaN</td>\n",
       "      <td>NaN</td>\n",
       "      <td>NaN</td>\n",
       "      <td>NaN</td>\n",
       "      <td>NaN</td>\n",
       "      <td>NaN</td>\n",
       "      <td>17.549999</td>\n",
       "    </tr>\n",
       "    <tr>\n",
       "      <th>1928-01-06 00:00:00+00:00</th>\n",
       "      <td>NaN</td>\n",
       "      <td>NaN</td>\n",
       "      <td>NaN</td>\n",
       "      <td>NaN</td>\n",
       "      <td>NaN</td>\n",
       "      <td>NaN</td>\n",
       "      <td>NaN</td>\n",
       "      <td>NaN</td>\n",
       "      <td>NaN</td>\n",
       "      <td>NaN</td>\n",
       "      <td>...</td>\n",
       "      <td>NaN</td>\n",
       "      <td>NaN</td>\n",
       "      <td>NaN</td>\n",
       "      <td>NaN</td>\n",
       "      <td>NaN</td>\n",
       "      <td>NaN</td>\n",
       "      <td>NaN</td>\n",
       "      <td>NaN</td>\n",
       "      <td>NaN</td>\n",
       "      <td>17.660000</td>\n",
       "    </tr>\n",
       "  </tbody>\n",
       "</table>\n",
       "<p>5 rows × 32 columns</p>\n",
       "</div>"
      ],
      "text/plain": [
       "Ticker                     ^DJI  AAPL  AMGN  AMZN  AXP  BA  CAT  CRM  CSCO  \\\n",
       "Date                                                                         \n",
       "1927-12-30 00:00:00+00:00   NaN   NaN   NaN   NaN  NaN NaN  NaN  NaN   NaN   \n",
       "1928-01-03 00:00:00+00:00   NaN   NaN   NaN   NaN  NaN NaN  NaN  NaN   NaN   \n",
       "1928-01-04 00:00:00+00:00   NaN   NaN   NaN   NaN  NaN NaN  NaN  NaN   NaN   \n",
       "1928-01-05 00:00:00+00:00   NaN   NaN   NaN   NaN  NaN NaN  NaN  NaN   NaN   \n",
       "1928-01-06 00:00:00+00:00   NaN   NaN   NaN   NaN  NaN NaN  NaN  NaN   NaN   \n",
       "\n",
       "Ticker                     CVX  ...  NKE  NVDA  PG  SHW  TRV  UNH   V  VZ  \\\n",
       "Date                            ...                                         \n",
       "1927-12-30 00:00:00+00:00  NaN  ...  NaN   NaN NaN  NaN  NaN  NaN NaN NaN   \n",
       "1928-01-03 00:00:00+00:00  NaN  ...  NaN   NaN NaN  NaN  NaN  NaN NaN NaN   \n",
       "1928-01-04 00:00:00+00:00  NaN  ...  NaN   NaN NaN  NaN  NaN  NaN NaN NaN   \n",
       "1928-01-05 00:00:00+00:00  NaN  ...  NaN   NaN NaN  NaN  NaN  NaN NaN NaN   \n",
       "1928-01-06 00:00:00+00:00  NaN  ...  NaN   NaN NaN  NaN  NaN  NaN NaN NaN   \n",
       "\n",
       "Ticker                     WMT      ^GSPC  \n",
       "Date                                       \n",
       "1927-12-30 00:00:00+00:00  NaN  17.660000  \n",
       "1928-01-03 00:00:00+00:00  NaN  17.760000  \n",
       "1928-01-04 00:00:00+00:00  NaN  17.719999  \n",
       "1928-01-05 00:00:00+00:00  NaN  17.549999  \n",
       "1928-01-06 00:00:00+00:00  NaN  17.660000  \n",
       "\n",
       "[5 rows x 32 columns]"
      ]
     },
     "execution_count": 46,
     "metadata": {},
     "output_type": "execute_result"
    }
   ],
   "source": [
    "#symbol_list = ['GS','JPM','C','WFC','STT']\n",
    "#symbol_list = ['^GSPC','AMD','NVDA','TXN']\n",
    "#symbol_list = ['^GSPC','SPY','MSFT','AAPL','NVDA','AMZN','LLY','JPM','AMD','XOM','UNH','PG','JNJ','HD','MRK','COST','CVX','NFLX','CRM','WMT','AMD','BAC','PEP','KO','LIN','ADBE','WFC','TMO','DIS','ACN','MCD','CSCO','ORCL','ABT','CAT','QCOM','INTU','AMGN','BKNG','LOW','ISRG','CRM']\n",
    "\n",
    "#symbol_list = ['MA','V','^GSPC']\n",
    "symbol_list = ['^GSPC','UNH','GS','^DJI','MSFT','HD','SHW','CAT','CRM','V','AMGN','MCD','AXP','TRV','JPM','HON','AAPL','AMZN','IBM','PG','CVX','JNJ','NVDA','BA','MMM','DIS','MRK','WMT','NKE','KO','CSCO','VZ']\n",
    "\n",
    "startDate = '1900-01-01'\n",
    "endDate = '2024-11-14'\n",
    "\n",
    "close_df = get_yf_hist(symbol_list,startDate,endDate,interval='1d')\n",
    "\n",
    "close_df = close_df['Adj Close']\n",
    "\n",
    "\n",
    "def structure_data(symbol_list,close_df):\n",
    "    if len(symbol_list) > 1:\n",
    "        special_col = '^DJI'\n",
    "        cols = [special_col] + [col for col in close_df.columns if col != special_col]\n",
    "        close_df = close_df[cols]\n",
    "        return close_df\n",
    "    else:\n",
    "        return close_df\n",
    "\n",
    "close_df = structure_data(symbol_list,close_df)\n",
    "    \n",
    "close_df.head()"
   ]
  },
  {
   "cell_type": "code",
   "execution_count": 47,
   "id": "85c5a3eb",
   "metadata": {},
   "outputs": [
    {
     "data": {
      "application/vnd.plotly.v1+json": {
       "config": {
        "plotlyServerURL": "https://plot.ly"
       },
       "data": [
        {
         "colorscale": [
          [
           0,
           "#440154"
          ],
          [
           0.1111111111111111,
           "#482878"
          ],
          [
           0.2222222222222222,
           "#3e4989"
          ],
          [
           0.3333333333333333,
           "#31688e"
          ],
          [
           0.4444444444444444,
           "#26828e"
          ],
          [
           0.5555555555555556,
           "#1f9e89"
          ],
          [
           0.6666666666666666,
           "#35b779"
          ],
          [
           0.7777777777777778,
           "#6ece58"
          ],
          [
           0.8888888888888888,
           "#b5de2b"
          ],
          [
           1,
           "#fde725"
          ]
         ],
         "reversescale": false,
         "showscale": true,
         "type": "heatmap",
         "x": [
          "^DJI",
          "AAPL",
          "AMGN",
          "AMZN",
          "AXP",
          "BA",
          "CAT",
          "CRM",
          "CSCO",
          "CVX",
          "DIS",
          "GS",
          "HD",
          "HON",
          "IBM",
          "JNJ",
          "JPM",
          "KO",
          "MCD",
          "MMM",
          "MRK",
          "MSFT",
          "NKE",
          "NVDA",
          "PG",
          "SHW",
          "TRV",
          "UNH",
          "V",
          "VZ",
          "WMT",
          "^GSPC"
         ],
         "y": [
          "^DJI",
          "AAPL",
          "AMGN",
          "AMZN",
          "AXP",
          "BA",
          "CAT",
          "CRM",
          "CSCO",
          "CVX",
          "DIS",
          "GS",
          "HD",
          "HON",
          "IBM",
          "JNJ",
          "JPM",
          "KO",
          "MCD",
          "MMM",
          "MRK",
          "MSFT",
          "NKE",
          "NVDA",
          "PG",
          "SHW",
          "TRV",
          "UNH",
          "V",
          "VZ",
          "WMT",
          "^GSPC"
         ],
         "z": [
          [
           1,
           0.9181839669415123,
           0.9780951437363793,
           0.9604482267112147,
           0.9733101653706319,
           0.8275341735335976,
           0.9484661374561888,
           0.9688880296659536,
           0.9160766764250621,
           0.9329515986967627,
           0.890386437231465,
           0.9413577216507408,
           0.9711345196494141,
           0.9827033742502436,
           0.8599018247425211,
           0.9806289119080135,
           0.977709183845081,
           0.9762286665057791,
           0.9732847101992725,
           0.8638536282488339,
           0.9582786003662668,
           0.9208530094830568,
           0.9380325387654554,
           0.7119604420637291,
           0.9807697249538597,
           0.9655613917107907,
           0.976729349679217,
           0.9526872389928703,
           0.9850138589449293,
           0.9198899348962836,
           0.971990555442079,
           0.9927380395285786
          ],
          [
           0.9181839669415123,
           1,
           0.9153532530855549,
           0.9408116549589767,
           0.9323635760972865,
           0.6633892859637064,
           0.9522451811820276,
           0.9227414770793457,
           0.8044151573625191,
           0.8522045617856401,
           0.7543260138411236,
           0.9317705181771243,
           0.9645976778136846,
           0.9167447360795632,
           0.7244300732780254,
           0.8739914169050343,
           0.9394431349517104,
           0.8684410863383443,
           0.9446672221075022,
           0.6801749286803136,
           0.9041678734814788,
           0.9890193969736709,
           0.8931113131536067,
           0.8068349244593336,
           0.9175218701599618,
           0.9685487030593365,
           0.9125692489250163,
           0.9782422408765391,
           0.9407377137605565,
           0.742886002845748,
           0.9244218203022248,
           0.9164904078843413
          ],
          [
           0.9780951437363793,
           0.9153532530855549,
           1,
           0.9401022424039885,
           0.9656853935999659,
           0.8322872976177088,
           0.9472899085976931,
           0.9445381619612375,
           0.8871787640035349,
           0.9345551293824935,
           0.894694679107348,
           0.9097617625365159,
           0.9701396451540139,
           0.9747559123870594,
           0.8662494303553732,
           0.9782527787979606,
           0.9706270375169133,
           0.9628473552169626,
           0.9717494873299405,
           0.8773007984900556,
           0.9666432526564069,
           0.9202213953220351,
           0.9292597109142607,
           0.7232372532943321,
           0.9766387908236744,
           0.9625995118533758,
           0.9812800327021296,
           0.9551091093973317,
           0.9730032174585407,
           0.9150588438006807,
           0.9773189739767105,
           0.9773619372590507
          ],
          [
           0.9604482267112147,
           0.9408116549589767,
           0.9401022424039885,
           1,
           0.9252276084674446,
           0.7388412294124262,
           0.9150211900589925,
           0.9839657497350116,
           0.8648431631696062,
           0.8116298432657592,
           0.8483357377830554,
           0.8892905261509854,
           0.973631161769765,
           0.9558979485045425,
           0.7177316905365569,
           0.9299593701923416,
           0.9566775414367414,
           0.91693961584338,
           0.9458991046678632,
           0.7626808476032543,
           0.904158531879399,
           0.9476666303743728,
           0.938795649888579,
           0.7112251613937021,
           0.9465819158037152,
           0.9760994215614929,
           0.9155939892535467,
           0.944801949901308,
           0.9679267746865806,
           0.8606601066327672,
           0.9504800511668797,
           0.9642019517784166
          ],
          [
           0.9733101653706319,
           0.9323635760972865,
           0.9656853935999659,
           0.9252276084674446,
           1,
           0.8130636755126684,
           0.9774757328236531,
           0.9225193956258113,
           0.878533987059829,
           0.9462429914401398,
           0.8701038610893995,
           0.9577750845562986,
           0.9620416632865746,
           0.9617510727532409,
           0.8911783076486346,
           0.9529019387423656,
           0.9840520870317178,
           0.9566351576177506,
           0.9640626898955796,
           0.8503100743198817,
           0.9647544737640739,
           0.9453023609612663,
           0.9011574960738149,
           0.822100978093578,
           0.9742887375778918,
           0.9602848648954859,
           0.977549608550093,
           0.9517898704492833,
           0.9407762269704084,
           0.8719112663920925,
           0.9811179565574858,
           0.9820009000485411
          ],
          [
           0.8275341735335976,
           0.6633892859637064,
           0.8322872976177088,
           0.7388412294124262,
           0.8130636755126684,
           1,
           0.7885635415173646,
           0.7179994178217206,
           0.7844322645520505,
           0.8464081229471626,
           0.9149514803776305,
           0.6425985956051933,
           0.8032358278805982,
           0.8952586402884515,
           0.7884198570623477,
           0.8946075625879486,
           0.8294614922182327,
           0.8661628125430217,
           0.8585819154890348,
           0.9271739667886727,
           0.8314717922011455,
           0.6632803242166493,
           0.8436801975272656,
           0.3171309252328318,
           0.8448912002343825,
           0.793192789968212,
           0.8576083323974957,
           0.7558466124184063,
           0.6680172695283294,
           0.8845496260810944,
           0.8107065115152201,
           0.8512629613851462
          ],
          [
           0.9484661374561888,
           0.9522451811820276,
           0.9472899085976931,
           0.9150211900589925,
           0.9774757328236531,
           0.7885635415173646,
           1,
           0.9060099268482181,
           0.8251265089558254,
           0.9362211704362979,
           0.8291834208047429,
           0.9552001959527973,
           0.9553231551870064,
           0.9480685666384384,
           0.8623842527250913,
           0.9277429174987867,
           0.975505628293728,
           0.9247990272282548,
           0.9650919457496088,
           0.8125042281174879,
           0.9428099046042232,
           0.9565973795434688,
           0.8813373784860956,
           0.8430681107622254,
           0.9559169162341122,
           0.9605101247436142,
           0.9636980457034698,
           0.9565268735533956,
           0.9191744550750373,
           0.8166573405210367,
           0.9636047089872986,
           0.9514194499286425
          ],
          [
           0.9688880296659536,
           0.9227414770793457,
           0.9445381619612375,
           0.9839657497350116,
           0.9225193956258113,
           0.7179994178217206,
           0.9060099268482181,
           1,
           0.9429784696649591,
           0.8155325140048032,
           0.8466643703717658,
           0.8762424067737431,
           0.9728344009151111,
           0.964739776208566,
           0.7212950550357904,
           0.9424388374290844,
           0.9556833321485072,
           0.9315165103990296,
           0.9557308368682813,
           0.7493108085383792,
           0.9164051950341846,
           0.9342911033828065,
           0.9405067291578804,
           0.6945387230130887,
           0.9552968038203217,
           0.978021295858244,
           0.9284319007679358,
           0.9283893569857348,
           0.9734921248821654,
           0.870888719552725,
           0.9492560488152101,
           0.9660802970260894
          ],
          [
           0.9160766764250621,
           0.8044151573625191,
           0.8871787640035349,
           0.8648431631696062,
           0.878533987059829,
           0.7844322645520505,
           0.8251265089558254,
           0.9429784696649591,
           1,
           0.8216041557319689,
           0.8209834682558258,
           0.7954185881799228,
           0.8795698091143597,
           0.8913889558935421,
           0.781797076201058,
           0.8871513987393167,
           0.890329115461143,
           0.8783031223663248,
           0.8724858999991918,
           0.7789280717910555,
           0.8901866374949148,
           0.828671936111093,
           0.8490694715898353,
           0.5931031985906055,
           0.8782161330826392,
           0.8530002492055256,
           0.8635627309838181,
           0.8477107880282247,
           0.9649457704360529,
           0.8573071863028661,
           0.8868800124221775,
           0.9195784531682052
          ],
          [
           0.9329515986967627,
           0.8522045617856401,
           0.9345551293824935,
           0.8116298432657592,
           0.9462429914401398,
           0.8464081229471626,
           0.9362211704362979,
           0.8155325140048032,
           0.8216041557319689,
           1,
           0.8749029510074834,
           0.8839134664084584,
           0.897671657343697,
           0.9411103080465568,
           0.941208698171493,
           0.9639104130844239,
           0.9183600377829053,
           0.9701128511516177,
           0.9507736017895201,
           0.8897183436602529,
           0.9486422056984318,
           0.8432665725867552,
           0.8711870604708791,
           0.6460922559849968,
           0.965478756153862,
           0.890532830227944,
           0.964294865344755,
           0.9026477547996542,
           0.8468840154311944,
           0.887571384009483,
           0.9419055827243554,
           0.9496664719821528
          ],
          [
           0.890386437231465,
           0.7543260138411236,
           0.894694679107348,
           0.8483357377830554,
           0.8701038610893995,
           0.9149514803776305,
           0.8291834208047429,
           0.8466643703717658,
           0.8209834682558258,
           0.8749029510074834,
           1,
           0.7411387146795021,
           0.8765160572350427,
           0.9468080042029386,
           0.8495528502310439,
           0.9485111437435247,
           0.8751934095910815,
           0.9257867049119058,
           0.8982585412545369,
           0.959290095786809,
           0.8752036218874496,
           0.747043851772242,
           0.9416588254466212,
           0.36817501723621354,
           0.9147568217668115,
           0.8741983284872406,
           0.9044438101541238,
           0.8119341615521722,
           0.7733064069109195,
           0.9598915885617386,
           0.8772432854339737,
           0.9167995666537717
          ],
          [
           0.9413577216507408,
           0.9317705181771243,
           0.9097617625365159,
           0.8892905261509854,
           0.9577750845562986,
           0.6425985956051933,
           0.9552001959527973,
           0.8762424067737431,
           0.7954185881799228,
           0.8839134664084584,
           0.7411387146795021,
           1,
           0.9257520947707563,
           0.9099163950476082,
           0.7883440106920908,
           0.8927646355715767,
           0.9576319124757318,
           0.9052521828617095,
           0.9154556108276931,
           0.7068099388828559,
           0.8942139563058851,
           0.9241187103405918,
           0.8417139566377237,
           0.7980217098761114,
           0.9298282032539033,
           0.9367857939621966,
           0.9356692482286504,
           0.9321569012517463,
           0.9036670832055067,
           0.7424735136474504,
           0.9240081184120776,
           0.9511715721199868
          ],
          [
           0.9711345196494141,
           0.9645976778136846,
           0.9701396451540139,
           0.973631161769765,
           0.9620416632865746,
           0.8032358278805982,
           0.9553231551870064,
           0.9728344009151111,
           0.8795698091143597,
           0.897671657343697,
           0.8765160572350427,
           0.9257520947707563,
           1,
           0.9795645399749869,
           0.7939731349892696,
           0.9512837779411236,
           0.978435640833566,
           0.9338199499159292,
           0.9822862313369196,
           0.8194356413344366,
           0.9461789328988248,
           0.9664403324408424,
           0.9572426121236557,
           0.7271961264520119,
           0.9618519012088464,
           0.9944152667875888,
           0.9657506819406654,
           0.983475089250004,
           0.9857406774047943,
           0.8655306108386716,
           0.9606732939085826,
           0.9682156223988263
          ],
          [
           0.9827033742502436,
           0.9167447360795632,
           0.9747559123870594,
           0.9558979485045425,
           0.9617510727532409,
           0.8952586402884515,
           0.9480685666384384,
           0.964739776208566,
           0.8913889558935421,
           0.9411103080465568,
           0.9468080042029386,
           0.9099163950476082,
           0.9795645399749869,
           1,
           0.8643352585804814,
           0.982881585396177,
           0.9740788813734698,
           0.9644110387662326,
           0.9865379440501072,
           0.91033935280427,
           0.956113941069221,
           0.9165167966043508,
           0.9729979709050108,
           0.6354875839056368,
           0.9764593491675371,
           0.9740241379973934,
           0.9792128473388735,
           0.9578334525462525,
           0.9777130146251652,
           0.9261884734161553,
           0.9617753674812699,
           0.9735463558128048
          ],
          [
           0.8599018247425211,
           0.7244300732780254,
           0.8662494303553732,
           0.7177316905365569,
           0.8911783076486346,
           0.7884198570623477,
           0.8623842527250913,
           0.7212950550357904,
           0.781797076201058,
           0.941208698171493,
           0.8495528502310439,
           0.7883440106920908,
           0.7939731349892696,
           0.8643352585804814,
           1,
           0.9105768853259835,
           0.8473815800647533,
           0.9393039222027479,
           0.8584329730418195,
           0.8910182198933845,
           0.8996986603515732,
           0.7268923261330547,
           0.7679872783499545,
           0.6765010366030192,
           0.9136261447090651,
           0.7906684106391119,
           0.8934492109444326,
           0.7578354707593971,
           0.6521636879613217,
           0.890178348062351,
           0.9063658893556734,
           0.9145240223144921
          ],
          [
           0.9806289119080135,
           0.8739914169050343,
           0.9782527787979606,
           0.9299593701923416,
           0.9529019387423656,
           0.8946075625879486,
           0.9277429174987867,
           0.9424388374290844,
           0.8871513987393167,
           0.9639104130844239,
           0.9485111437435247,
           0.8927646355715767,
           0.9512837779411236,
           0.982881585396177,
           0.9105768853259835,
           1,
           0.9510429714369466,
           0.9811560454421386,
           0.9712639179222335,
           0.9434607607303676,
           0.9589071976836192,
           0.8752432698253958,
           0.9520719359788349,
           0.5978526743211205,
           0.9850096898926928,
           0.9406640879454873,
           0.9762437994036747,
           0.9334753394287184,
           0.9620548943301985,
           0.9511377531593961,
           0.9648424655226678,
           0.9766386346181382
          ],
          [
           0.977709183845081,
           0.9394431349517104,
           0.9706270375169133,
           0.9566775414367414,
           0.9840520870317178,
           0.8294614922182327,
           0.975505628293728,
           0.9556833321485072,
           0.890329115461143,
           0.9183600377829053,
           0.8751934095910815,
           0.9576319124757318,
           0.978435640833566,
           0.9740788813734698,
           0.8473815800647533,
           0.9510429714369466,
           1,
           0.9476776451616948,
           0.9720634973557633,
           0.8440566049612103,
           0.9599319020678748,
           0.9561745038389294,
           0.9221566639014682,
           0.8006770476187114,
           0.9665557437594898,
           0.9761475841481854,
           0.9764268216132583,
           0.9611915005208431,
           0.9686927727827646,
           0.8744504923603249,
           0.9745447287561448,
           0.9820925984517809
          ],
          [
           0.9762286665057791,
           0.8684410863383443,
           0.9628473552169626,
           0.91693961584338,
           0.9566351576177506,
           0.8661628125430217,
           0.9247990272282548,
           0.9315165103990296,
           0.8783031223663248,
           0.9701128511516177,
           0.9257867049119058,
           0.9052521828617095,
           0.9338199499159292,
           0.9644110387662326,
           0.9393039222027479,
           0.9811560454421386,
           0.9476776451616948,
           1,
           0.9583510357903328,
           0.9195033050548955,
           0.9734446503023764,
           0.8806169882386576,
           0.9163948451256433,
           0.674162108420858,
           0.9824174628000435,
           0.9229603321501821,
           0.9716523245287826,
           0.9191978031071928,
           0.9624181511448507,
           0.9444726600822546,
           0.9666373607976234,
           0.9815161220894817
          ],
          [
           0.9732847101992725,
           0.9446672221075022,
           0.9717494873299405,
           0.9458991046678632,
           0.9640626898955796,
           0.8585819154890348,
           0.9650919457496088,
           0.9557308368682813,
           0.8724858999991918,
           0.9507736017895201,
           0.8982585412545369,
           0.9154556108276931,
           0.9822862313369196,
           0.9865379440501072,
           0.8584329730418195,
           0.9712639179222335,
           0.9720634973557633,
           0.9583510357903328,
           1,
           0.8647529399016989,
           0.9581627050848243,
           0.9408527343405582,
           0.953832008648384,
           0.689165483251234,
           0.9776267103354516,
           0.9780680040887194,
           0.9809663515545052,
           0.9757073570007135,
           0.9823831696295496,
           0.8901826118496973,
           0.9657455598180128,
           0.9630602252141109
          ],
          [
           0.8638536282488339,
           0.6801749286803136,
           0.8773007984900556,
           0.7626808476032543,
           0.8503100743198817,
           0.9271739667886727,
           0.8125042281174879,
           0.7493108085383792,
           0.7789280717910555,
           0.8897183436602529,
           0.959290095786809,
           0.7068099388828559,
           0.8194356413344366,
           0.91033935280427,
           0.8910182198933845,
           0.9434607607303676,
           0.8440566049612103,
           0.9195033050548955,
           0.8647529399016989,
           1,
           0.853806966237424,
           0.6680429161710079,
           0.8666010685851541,
           0.3539046309705941,
           0.8961977336238713,
           0.8157863996669689,
           0.8937595738657219,
           0.7620715809300828,
           0.6524021170949295,
           0.9529598111964558,
           0.8628209934641996,
           0.898352390582118
          ],
          [
           0.9582786003662668,
           0.9041678734814788,
           0.9666432526564069,
           0.904158531879399,
           0.9647544737640739,
           0.8314717922011455,
           0.9428099046042232,
           0.9164051950341846,
           0.8901866374949148,
           0.9486422056984318,
           0.8752036218874496,
           0.8942139563058851,
           0.9461789328988248,
           0.956113941069221,
           0.8996986603515732,
           0.9589071976836192,
           0.9599319020678748,
           0.9734446503023764,
           0.9581627050848243,
           0.853806966237424,
           1,
           0.9300494587471563,
           0.8862701082345978,
           0.7667150308974406,
           0.9725961264996584,
           0.9299380853435063,
           0.9648234486765124,
           0.9387828271177457,
           0.9551901760659504,
           0.8801783460085276,
           0.9719733355044087,
           0.9803861446318888
          ],
          [
           0.9208530094830568,
           0.9890193969736709,
           0.9202213953220351,
           0.9476666303743728,
           0.9453023609612663,
           0.6632803242166493,
           0.9565973795434688,
           0.9342911033828065,
           0.828671936111093,
           0.8432665725867552,
           0.747043851772242,
           0.9241187103405918,
           0.9664403324408424,
           0.9165167966043508,
           0.7268923261330547,
           0.8752432698253958,
           0.9561745038389294,
           0.8806169882386576,
           0.9408527343405582,
           0.6680429161710079,
           0.9300494587471563,
           1,
           0.8803291482060173,
           0.838234126750029,
           0.9263733512332665,
           0.9670760374475854,
